{
  "advancedEditorSelectedIdentifier" : "ProjectBrowser",
  "openSceneRelativePaths" : [
    "Immersive.usda"
  ],
  "recentIdentifiers" : {
    "AF09ED6F-1707-48FD-8720-65B998362C09" : [

    ]
  },
  "sceneCameraHistory" : {
    "AF09ED6F-1707-48FD-8720-65B998362C09" : [
      {
        "date" : 730632973.484051,
        "title" : "Untitled",
        "transform" : [
          0.94770324,
          3.2240726e-09,
          -0.31915295,
          0,
          -0.0011207848,
          0.99999386,
          -0.003328068,
          0,
          0.31915104,
          0.0035117436,
          0.9476974,
          0,
          0.04514601,
          0.5766148,
          1.8998797,
          1
        ]
      },
      {
        "date" : 730632945.174998,
        "title" : "Untitled",
        "transform" : [
          0.9451306,
          3.4666856e-09,
          -0.3266928,
          0,
          0.03016702,
          0.99572754,
          0.087273985,
          0,
          0.32529703,
          -0.09234064,
          0.9410925,
          0,
          0.07560434,
          0.40002355,
          1.9437929,
          1
        ]
      },
      {
        "date" : 730632935.907075,
        "title" : "Untitled",
        "transform" : [
          0.99994445,
          2.7436448e-10,
          -0.0105364015,
          0,
          -0.00045062316,
          0.99908507,
          -0.042765655,
          0,
          0.010526758,
          0.042768072,
          0.99902964,
          0,
          -0.54466635,
          0.64742315,
          1.7967325,
          1
        ]
      },
      {
        "date" : 730632891.123489,
        "title" : "Untitled",
        "transform" : [
          0.99803597,
          3.5644443e-10,
          -0.06264313,
          0,
          -0.015185442,
          0.9701735,
          -0.24193577,
          0,
          0.060774703,
          0.2424119,
          0.96826804,
          0,
          -0.4606954,
          0.9936784,
          1.6566318,
          1
        ]
      },
      {
        "date" : 730632842.792044,
        "title" : "Untitled",
        "transform" : [
          1,
          0,
          0,
          0,
          0,
          0.8660258,
          -0.4999994,
          0,
          0,
          0.4999994,
          0.8660258,
          0,
          -0.56356716,
          1.4023117,
          1.2884022,
          1
        ]
      },
      {
        "date" : 730632824.869572,
        "title" : "Untitled",
        "transform" : [
          1,
          0,
          0,
          0,
          0,
          0.8660258,
          -0.4999994,
          0,
          0,
          0.4999994,
          0.8660258,
          0,
          -0.56356716,
          3.2268589,
          4.4486055,
          1
        ]
      },
      {
        "date" : 730632775.521405,
        "title" : "Untitled",
        "transform" : [
          1,
          0,
          -0,
          0,
          -0,
          0.8660258,
          -0.4999994,
          0,
          0,
          0.4999994,
          0.8660258,
          0,
          0,
          3.6498523,
          4.2043905,
          1
        ]
      }
    ]
  }
}